175,0
175,4
175,3
175,2
175,1
4294967279,525
4294967279,524
167,0
167,4
167,3
167,2
167,1
4294967279,523
4294967279,522
159,0
159,4
159,3
159,2
159,1
151,0
151,4
151,3
151,2
151,1
4294967279,521
4294967279,520
143,0
143,4
143,3
143,2
143,1
4294967294,66
4294967294,65
4294967294,64
4294967294,589
4294967294,587
4294967294,588
4294967294,577
4294967294,580
4294967294,578
4294967294,582
4294967294,603
4294967294,602
4294967294,585
4294967294,584
4294967294,586
4294967294,81
4294967279,519
4294967279,0
4294967294,590
4294967294,601
4294967294,583
4294967294,600
4294967294,599
4294967294,127
4294967294,126
4294967294,119
4294967294,118
4294967294,117
4294967294,116
4294967294,1577
174,0
174,4
174,3
174,2
174,1
4294967294,1576
4294967294,1575
166,0
166,4
166,3
166,2
166,1
4294967294,1574
4294967294,1573
4294967294,1572
4294967294,1571
158,0
158,4
158,3
158,2
158,1
4294967294,1570
4294967294,1569
4294967294,1568
4294967294,1567
150,0
150,4
150,3
150,2
150,1
4294967294,1566
142,0
142,4
142,3
142,2
142,1
4294967294,9
4294967294,1565
4294967294,57
4294967294,56
4294967294,55
4294967294,63
4294967294,62
4294967294,61
4294967294,60
4294967294,11
4294967294,10
4294967294,1547
4294967294,23
4294967294,22
4294967294,21
4294967294,35
4294967294,34
4294967294,33
4294967294,32
4294967294,31
4294967294,30
4294967294,7
4294967294,6
4294967294,1563
4294967294,494
4294967294,493
4294967294,492
173,0
173,4
173,3
173,2
173,1
4294967294,491
165,0
165,4
165,3
165,2
165,1
157,0
157,4
157,3
157,2
157,1
149,0
149,4
149,3
149,2
149,1
4294967294,490
4294967294,489
4294967294,488
4294967294,487
141,0
141,4
141,3
141,2
141,1
93,1
93,4
4294967294,1487
4294967294,1483
4294967294,1492
4294967294,1474
4294967294,1516
4294967294,457
4294967294,451
4294967294,453
4294967294,455
4294967294,486
4294967294,1456
4294967294,1440
4294967294,1455
4294967294,1448
172,0
172,4
172,3
172,2
172,1
4294967294,1454
4294967278,396
164,0
164,4
164,3
164,2
164,1
4294967294,1446
4294967294,1453
156,0
156,4
156,3
156,2
156,1
4294967294,1452
4294967294,441
4294967294,1442
4294967294,390
4294967294,1441
4294967294,1444
4294967294,1439
171,0
171,4
171,3
171,2
171,1
163,0
163,4
163,3
163,2
163,1
155,0
155,4
155,3
155,2
155,1
147,0
147,4
147,3
147,2
147,1
4294967294,1405
4294967278,349
4294967294,383
4294967294,382
4294967294,381
4243767283,0
4294967279,281
4294967279,258
4294967279,275
4294967279,259
4294967279,284
4294967279,285
4294967279,263
4294967279,262
4294967279,282
4294967279,286
4294967279,264
170,0
170,4
170,3
170,2
170,1
162,0
162,4
162,3
162,2
162,1
4294967294,257
154,0
154,4
154,3
154,2
154,1
146,0
146,4
146,3
146,2
146,1
4294967294,272
4294967294,269
4294967294,268
4294967294,266
4294967294,263
4294967294,265
4294967294,264
4294967294,262
4294967294,260
4294967294,271
4294967294,267
4294967294,261
4243767290,0
4243767282,0
4294967279,192
4294967279,193
4294967279,194
4294967279,195
4294967279,174
169,0
169,5
169,4
169,3
169,2
169,1
161,0
161,4
161,3
161,2
161,1
4294967294,216
4294967294,218
4294967294,254
4294967294,251
153,0
153,4
153,3
153,2
153,1
145,0
145,4
145,3
145,2
145,1
4294967294,198
4294967294,194
4294967294,235
4294967294,244
4294967294,243
4294967294,224
4294967294,1271
4294967294,255
4294967294,192
4294967294,253
4294967294,209
4294967294,220
4294967294,221
4294967294,201
4294967294,203
4294967294,207
176,0
176,4
176,3
176,2
176,1
168,0
168,4
168,3
168,2
168,1
160,0
160,4
160,3
160,2
160,1
152,0
152,4
152,3
152,2
152,1
144,0
144,4
144,3
144,2
144,1
4294967294,1173
4294967294,1191
4294967294,1157
4294967294,1205
4294967294,1202
4294967294,1215
4294967294,1198
4294967294,1206
4294967294,1211
4294967294,1197
4294967294,159
4294967294,188
4294967294,184
4294967294,181
4294967294,182
4294967294,180
4294967294,177
4294967294,176
4294967294,175
4294967294,174
4294967294,172
4294967294,171
4294967294,169
4294967294,183
4294967294,164
